image_00000 273 177 288 189
image_00001 273 177 289 189
image_00002 274 174 292 190
image_00003 273 175 286 190
image_00004 273 172 285 192
image_00005 272 172 293 193
image_00006 273 172 292 191
image_00007 273 171 293 189
image_00008 271 171 295 193
image_00009 271 169 292 192
image_00010 269 167 293 192
image_00011 269 167 293 191
image_00012 269 168 293 193
image_00013 268 167 295 194
image_00014 267 165 298 191
image_00015 266 165 295 192
image_00016 268 164 297 195
image_00017 265 165 295 193
image_00018 266 162 300 194
image_00019 266 163 302 193
image_00020 265 164 304 194
image_00021 266 162 307 194
image_00022 266 161 305 194
image_00023 265 160 306 195
image_00024 264 161 305 194
image_00025 265 161 304 196
image_00026 266 161 308 195
image_00027 265 160 306 196
image_00028 273 162 307 195
image_00029 272 161 307 194
image_00030 281 166 309 197
image_00031 280 164 305 197
image_00032 279 164 306 199
image_00033 281 162 307 196
image_00034 282 162 306 199
image_00035 283 162 308 197
image_00036 283 160 305 199
image_00037 284 160 307 200
image_00038 286 161 313 198
image_00039 285 160 314 199
image_00040 286 161 311 199
image_00041 284 161 313 199
image_00042 285 159 314 200
image_00043 284 158 312 199
image_00044 282 156 314 184
image_00045 291 154 312 179
image_00046 289 156 318 179
image_00047 289 155 314 175
image_00048 291 155 314 175
image_00049 293 156 314 173
image_00050 293 153 315 175
image_00051 297 154 314 173
image_00052 295 152 315 174
image_00053 298 154 313 173
image_00054 297 154 312 170
image_00055 298 155 312 170
image_00056 297 154 312 170
image_00057 299 154 312 170
image_00058 302 154 311 168
image_00059 299 151 311 169
image_00060 299 154 312 170
image_00061 299 151 309 170
image_00062 298 153 310 169
image_00063 299 156 308 167
